image_width: 856
image_height: 480
camera_name: bebop_front
camera_matrix:
  rows: 3
  cols: 3
  data: [537.292878, 0.000000, 427.331854, 0.000000, 527.000348, 240.226888, 0.000000, 0.000000, 1.000000]
distortion_model: plumb_bob
distortion_coefficients:
  rows: 1
  cols: 5
  data: [0.004974, -0.000130, -0.001212, 0.002192, 0.000000]
rectification_matrix:
  rows: 3
  cols: 3
  data: [1.000000, 0.000000, 0.000000, 0.000000, 1.000000, 0.000000, 0.000000, 0.000000, 1.000000]
projection_matrix:
  rows: 3
  cols: 4
  data: [539.403503, 0.000000, 429.275072, 0.000000, 0.000000, 529.838562, 238.941372, 0.000000, 0.000000, 0.000000, 1.000000, 0.000000]
